
20
people number list=[1, 1, 1, 1, 1, 1, 1, 4, 2, 2, 1, 1, 2, 4, 1, 2, 2, 1, 1, 1, 1, 1, 1, 1, 1, 1, 2, 1, 1, 2, 1, 4, 1, 4, 2, 2, 1, 1, 1, 1, 1, 1, 2, 1, 4, 2, 1, 1, 2, 1, 1, 2, 1, 1, 1, 1, 1, 1, 1, 1, 1, 1, 1, 1, 1, 1, 1, 4, 1, 1, 2, 2, 2, 1, 1, 1, 1, 1, 1, 1, 1, 1, 1, 1, 1, 2, 1, 1, 1, 1, 1]
arrive time list=[592, 611, 663, 673, 760, 751, 798, 840, 887, 948, 1015, 1036, 1049, 1068, 1198, 1203, 1203, 1218, 1247, 1249, 1257, 1270, 1282, 1294, 1304, 1306, 1314, 1322, 1322, 1327, 1323, 1340, 1339, 1339, 1349, 1364, 1370, 1374, 1376, 1381, 1387, 1386, 1393, 1404, 1413, 1424, 1426, 1443, 1443, 1448, 1451, 1458, 1460, 1470, 1465, 1482, 1486, 1486, 1492, 1489, 1489, 1511, 1517, 1522, 1521, 1522, 1523, 1530, 1528, 1536, 1532, 1534, 1538, 1550, 1554, 1546, 1567, 1567, 1573, 1577, 1579, 1579, 1583, 1585, 1600, 1600, 1611, 1623, 1624, 1621, 1630]
person per car =[2, 2, 2, 1, 4, 2, 2, 2, 2, 4, 4, 2, 3, 2, 4, 1, 1, 1, 2, 4, 4, 4, 4, 4, 1, 2, 4, 2, 4, 3, 4, 4, 3, 4, 3, 4, 4, 2, 2, 3, 4, 1, 4, 1, 2, 2]wating time list=[30, 11, 30, 20, 21, 30, 30, 0, 30, 30, 30, 9, 30, 0, 20, 30, 15, 0, 30, 28, 20, 30, 18, 28, 30, 30, 8, 30, 0, 30, 26, 0, 10, 0, 0, 12, 23, 2, 0, 12, 30, 30, 0, 12, 0, 30, 25, 8, 30, 3, 0, 28, 13, 22, 27, 4, 0, 30, 0, 27, 3, 5, 6, 30, 2, 1, 0, 0, 24, 16, 6, 30, 0, 26, 30, 30, 17, 16, 10, 30, 5, 4, 0, 26, 30, 11, 0, 30, 29, 30, 21]
 tot_waiting_time========1520
21
people number list=[1, 1, 2, 1, 1, 1, 4, 4, 2, 2, 2, 2, 2, 2, 1, 1, 4, 2, 1, 1, 1, 1, 1, 1, 2, 1, 1, 1, 2, 1, 1, 1, 1, 1, 1, 1, 1, 1, 1, 1, 1, 1, 1, 1, 1, 1, 2, 1, 1, 2, 1, 1, 1, 1, 1, 1, 1, 1, 1, 2, 1, 2, 1]
arrive time list=[587, 603, 640, 672, 687, 707, 768, 796, 811, 866, 951, 956, 956, 1052, 1094, 1130, 1164, 1210, 1218, 1230, 1239, 1270, 1287, 1286, 1299, 1309, 1313, 1312, 1322, 1379, 1384, 1397, 1397, 1421, 1433, 1435, 1437, 1443, 1443, 1443, 1450, 1452, 1462, 1464, 1465, 1465, 1486, 1490, 1516, 1517, 1521, 1526, 1527, 1538, 1544, 1547, 1549, 1573, 1588, 1603, 1606, 1609, 1611]
person per car =[2, 2, 1, 2, 4, 4, 2, 2, 2, 4, 2, 1, 1, 4, 2, 1, 2, 2, 4, 3, 1, 3, 2, 4, 4, 2, 2, 4, 4, 4, 2, 2, 2, 3]wating time list=[30, 14, 30, 30, 30, 10, 0, 0, 30, 30, 30, 0, 0, 30, 30, 30, 0, 30, 30, 30, 21, 30, 13, 27, 14, 30, 0, 30, 17, 30, 25, 12, 30, 6, 19, 30, 28, 9, 30, 30, 2, 0, 3, 30, 29, 0, 30, 26, 0, 10, 26, 1, 0, 9, 3, 0, 30, 6, 30, 30, 12, 30, 7]
 tot_waiting_time========1159
22
people number list=[1, 2, 2, 1, 1, 4, 1, 2, 1, 1, 1, 2, 4, 2, 1, 4, 1, 1, 1, 1, 1, 1, 1, 1, 1, 1, 1, 2, 2, 2, 2, 1, 1, 1, 1, 1, 1, 1, 1, 1, 1, 1, 1, 1, 1, 1, 1, 2, 1, 1, 1, 1, 1, 1, 1, 1, 1, 1, 2, 2, 1, 1, 1, 1, 1, 1, 1, 1, 2, 2, 1]
arrive time list=[565, 647, 592, 638, 689, 819, 892, 848, 945, 998, 1027, 1017, 1067, 1080, 1090, 1163, 1185, 1188, 1186, 1185, 1188, 1248, 1252, 1290, 1290, 1292, 1297, 1314, 1334, 1339, 1339, 1356, 1374, 1371, 1385, 1388, 1387, 1396, 1404, 1404, 1411, 1417, 1426, 1441, 1455, 1458, 1460, 1458, 1463, 1467, 1478, 1488, 1487, 1500, 1495, 1506, 1510, 1515, 1529, 1543, 1546, 1546, 1549, 1555, 1562, 1569, 1575, 1587, 1591, 1585, 1618]
person per car =[1, 2, 2, 1, 1, 4, 1, 2, 1, 1, 3, 4, 3, 4, 3, 1, 1, 1, 1, 2, 4, 4, 3, 4, 2, 4, 1, 2, 3, 3, 3, 4, 3, 3, 2, 3, 3, 1, 3]wating time list=[30, 30, 30, 30, 30, 0, 30, 30, 30, 30, 20, 30, 0, 30, 20, 0, 30, 27, 29, 30, 30, 30, 30, 30, 24, 22, 23, 0, 5, 30, 0, 13, 14, 30, 3, 0, 1, 5, 13, 13, 6, 0, 30, 30, 30, 30, 28, 27, 30, 4, 10, 5, 6, 15, 20, 30, 5, 0, 7, 30, 27, 30, 30, 21, 17, 30, 4, 30, 30, 14, 3]
 tot_waiting_time========1381
23
people number list=[1, 1, 1, 1, 1, 1, 1, 1, 4, 4, 1, 1, 1, 1, 2, 2, 1, 1, 4, 2, 1, 1, 1, 1, 1, 1, 1, 1, 1, 1, 1, 2, 1, 1, 1, 1, 1, 1, 2, 2, 1, 1, 1, 1, 4, 1, 1, 2, 4, 2, 2, 1, 1, 2, 1, 2, 1, 1, 2, 1, 4, 1, 2, 1, 1, 1, 1, 1, 1, 1, 2, 4, 1, 1, 1, 1, 1, 1, 2, 1, 1, 1, 1, 1, 1, 1, 2, 1, 1]
arrive time list=[550, 610, 617, 651, 657, 657, 701, 760, 876, 877, 978, 979, 982, 1043, 1092, 1076, 1103, 1151, 1184, 1217, 1223, 1231, 1239, 1237, 1262, 1286, 1304, 1310, 1314, 1321, 1325, 1329, 1353, 1361, 1369, 1374, 1372, 1400, 1415, 1422, 1423, 1430, 1461, 1461, 1457, 1456, 1455, 1451, 1465, 1457, 1460, 1473, 1473, 1467, 1476, 1481, 1476, 1486, 1496, 1496, 1504, 1514, 1523, 1547, 1552, 1552, 1550, 1557, 1560, 1562, 1562, 1568, 1567, 1576, 1578, 1578, 1580, 1590, 1588, 1597, 1588, 1599, 1602, 1603, 1610, 1615, 1619, 1618, 1616]
person per car =[1, 2, 1, 2, 1, 1, 4, 4, 2, 1, 1, 4, 1, 1, 4, 4, 2, 2, 3, 1, 1, 3, 2, 1, 1, 4, 3, 2, 4, 1, 3, 2, 4, 4, 3, 3, 1, 3, 4, 1, 3, 2, 3, 1, 2, 2, 4, 1, 4, 3, 4, 1, 3, 1]wating time list=[30, 30, 23, 30, 30, 30, 30, 30, 0, 0, 30, 29, 30, 30, 0, 16, 30, 30, 0, 22, 16, 30, 0, 24, 30, 6, 30, 30, 20, 13, 30, 30, 6, 30, 30, 17, 30, 23, 30, 1, 0, 15, 30, 30, 0, 30, 30, 30, 0, 16, 25, 0, 0, 30, 21, 30, 30, 25, 30, 30, 0, 30, 30, 30, 1, 30, 30, 30, 17, 30, 20, 0, 20, 16, 30, 19, 17, 28, 30, 0, 9, 20, 30, 30, 30, 4, 0, 22, 24]
 tot_waiting_time========1855
24
people number list=[1, 1, 1, 4, 1, 1, 2, 1, 1, 1, 2, 4, 1, 1, 1, 1, 1, 2, 4, 1, 1, 1, 1, 1, 2, 1, 1, 1, 1, 1, 1, 1, 1, 2, 1, 2, 1, 2, 1, 1, 2, 1, 2, 1, 1, 2, 1, 1, 1, 1, 1, 1, 1, 1, 1, 1, 1, 1, 1, 1, 2, 1, 2, 1, 2, 1, 1, 1, 1, 1, 1, 1, 1]
arrive time list=[583, 588, 602, 623, 636, 650, 704, 736, 806, 801, 808, 804, 858, 863, 975, 974, 1003, 1008, 1054, 1070, 1089, 1084, 1133, 1232, 1269, 1249, 1307, 1319, 1320, 1351, 1361, 1379, 1378, 1396, 1419, 1426, 1432, 1439, 1439, 1451, 1451, 1460, 1470, 1479, 1481, 1483, 1485, 1495, 1515, 1514, 1529, 1529, 1537, 1539, 1535, 1542, 1544, 1541, 1550, 1559, 1554, 1561, 1574, 1570, 1580, 1590, 1593, 1598, 1603, 1607, 1611, 1612, 1614]
person per car =[3, 4, 1, 1, 2, 1, 2, 2, 4, 2, 2, 3, 4, 3, 1, 1, 3, 3, 3, 3, 1, 4, 2, 4, 2, 2, 4, 4, 4, 3, 4, 3, 1, 4, 3, 2]wating time list=[30, 25, 11, 0, 30, 30, 30, 30, 25, 30, 30, 0, 30, 25, 29, 30, 30, 25, 0, 30, 11, 16, 30, 30, 10, 30, 30, 18, 17, 30, 20, 2, 30, 12, 30, 13, 30, 0, 21, 11, 9, 0, 30, 30, 4, 2, 0, 14, 20, 21, 6, 21, 30, 11, 0, 8, 23, 26, 0, 2, 7, 0, 30, 30, 27, 30, 11, 30, 4, 0, 17, 8, 14]
 tot_waiting_time========1326
25
people number list=[1, 2, 1, 1, 2, 1, 1, 1, 1, 2, 1, 1, 1, 2, 1, 1, 1, 1, 1, 1, 4, 1, 1, 1, 1, 1, 1, 1, 1, 2, 1, 2, 1, 1, 1, 1, 2, 2, 1, 1, 1, 1, 1, 1, 2, 1, 1, 1, 1, 1, 1, 1, 1, 1, 1, 2, 1, 2, 1, 1, 2, 2, 4, 2, 1, 1, 1, 1, 1, 1, 2, 4, 1]
arrive time list=[594, 597, 621, 648, 673, 687, 711, 801, 828, 828, 892, 915, 1036, 1056, 1085, 1145, 1223, 1236, 1241, 1242, 1248, 1249, 1259, 1262, 1264, 1268, 1275, 1345, 1358, 1359, 1370, 1404, 1423, 1424, 1426, 1426, 1435, 1441, 1461, 1462, 1469, 1480, 1484, 1504, 1504, 1505, 1506, 1511, 1512, 1513, 1516, 1523, 1532, 1534, 1536, 1537, 1540, 1541, 1541, 1550, 1553, 1564, 1558, 1560, 1560, 1561, 1587, 1602, 1601, 1600, 1605, 1610, 1633]
person per car =[4, 1, 2, 1, 1, 1, 3, 2, 3, 1, 1, 3, 1, 4, 1, 2, 3, 2, 3, 4, 2, 4, 3, 1, 4, 3, 4, 2, 3, 3, 4, 2, 4, 3, 2, 1, 4, 4, 1]wating time list=[27, 24, 0, 30, 30, 30, 30, 30, 30, 30, 30, 7, 30, 10, 30, 30, 30, 17, 12, 30, 0, 30, 30, 30, 25, 24, 17, 30, 30, 29, 5, 22, 30, 2, 0, 27, 6, 0, 30, 30, 22, 24, 7, 0, 0, 30, 30, 30, 23, 28, 19, 13, 4, 30, 0, 30, 27, 12, 23, 14, 0, 30, 0, 30, 30, 30, 4, 30, 4, 5, 0, 0, 30]
 tot_waiting_time========1443
26
people number list=[1, 2, 1, 1, 1, 2, 1, 1, 1, 1, 2, 2, 1, 1, 4, 2, 2, 4, 4, 4, 4, 2, 2, 1, 2, 1, 2, 2, 1, 4, 1, 1, 2, 1, 1, 1, 1, 1, 4, 1, 1, 1, 1, 1, 1, 1, 1, 1, 1, 1, 1, 2, 1, 2, 1, 2, 2, 2, 1, 1, 1, 1, 1, 1, 1, 1, 2, 2, 1, 2, 1, 1, 1, 2, 2, 1, 1, 1, 1, 1, 1, 2, 1, 4, 1, 1, 1, 1, 1, 1]
arrive time list=[1975, 552, 584, 590, 589, 602, 665, 654, 864, 887, 899, 896, 963, 956, 981, 1008, 996, 1009, 1011, 1009, 1009, 1042, 1061, 1062, 1065, 1140, 1197, 1222, 1224, 1285, 1283, 1281, 1295, 1328, 1335, 1347, 1349, 1353, 1355, 1358, 1369, 1378, 1379, 1389, 1416, 1416, 1428, 1430, 1430, 1434, 1435, 1451, 1453, 1453, 1453, 1455, 1467, 1467, 1481, 1484, 1457, 1457, 1492, 1498, 1509, 1510, 1501, 1514, 1520, 1522, 1529, 1536, 1534, 1541, 1542, 1550, 1559, 1558, 1557, 1558, 1562, 1568, 1568, 1575, 1570, 1578, 1571, 1584, 1576, 1585]
person per car =[1, 2, 3, 2, 2, 2, 4, 1, 1, 4, 4, 4, 4, 4, 4, 4, 3, 1, 2, 2, 1, 4, 3, 1, 4, 2, 4, 4, 2, 4, 1, 4, 4, 4, 3, 1, 2, 2, 3, 4, 1, 4, 4, 2, 1, 3, 3, 4, 1, 3]wating time list=[30, 30, 30, 24, 25, 30, 19, 30, 30, 7, 0, 3, 30, 30, 0, 0, 12, 0, 0, 0, 0, 19, 0, 30, 27, 30, 30, 30, 30, 0, 30, 30, 18, 30, 30, 11, 9, 12, 0, 0, 20, 11, 10, 0, 30, 19, 7, 5, 30, 12, 0, 2, 2, 0, 2, 0, 0, 30, 16, 30, 10, 10, 30, 30, 30, 12, 13, 0, 8, 17, 30, 14, 28, 9, 30, 0, 3, 30, 30, 4, 0, 19, 30, 0, 30, 20, 29, 16, 22, 30]
 tot_waiting_time========1456
27
people number list=[1, 2, 1, 2, 4, 1, 1, 1, 4, 1, 1, 1, 1, 2, 1, 1, 1, 1, 1, 2, 1, 2, 1, 1, 1, 1, 4, 2, 2, 1, 1, 1, 1, 1, 2, 1, 1, 1, 1, 1, 1, 1, 1, 1, 4, 1, 1, 1, 1, 2, 1, 4, 1, 1, 1, 1, 1, 1, 1, 1, 1, 1, 1, 1, 1, 1, 4, 1, 1, 1, 4, 1, 1, 1, 1, 1, 1, 1, 1, 1, 1, 1, 1, 1, 1, 1, 1, 2, 1, 1, 1, 1, 2, 2, 1, 2, 2, 1, 2, 1, 1, 1, 1, 1, 2, 1, 2, 1, 1, 1, 2, 2, 1, 1]
arrive time list=[542, 615, 607, 618, 684, 738, 739, 760, 765, 772, 774, 805, 806, 791, 892, 908, 969, 977, 1019, 1029, 1047, 1104, 1093, 1175, 1152, 1199, 1200, 1224, 1222, 1222, 1261, 1271, 1287, 1289, 1290, 1306, 1306, 1332, 1338, 1341, 1341, 1384, 1388, 1389, 1386, 1393, 1394, 1399, 1404, 1407, 1410, 1410, 1417, 1417, 1417, 1423, 1424, 1424, 1433, 1434, 1443, 1439, 1447, 1453, 1447, 1447, 1449, 1464, 1456, 1453, 1461, 1472, 1477, 1478, 1486, 1491, 1497, 1500, 1502, 1512, 1515, 1520, 1522, 1523, 1531, 1502, 1532, 1536, 1535, 1539, 1542, 1553, 1555, 1553, 1561, 1559, 1561, 1562, 1564, 1563, 1565, 1568, 1590, 1590, 1592, 1590, 1603, 1604, 1615, 1616, 1616, 1617, 1617, 1619]
person per car =[1, 4, 1, 4, 3, 4, 2, 4, 2, 2, 1, 3, 3, 2, 2, 4, 4, 4, 3, 2, 3, 3, 1, 2, 4, 3, 3, 4, 3, 2, 4, 3, 2, 1, 4, 4, 3, 2, 2, 2, 4, 1, 2, 3, 4, 4, 4, 4, 4, 2, 2, 1, 4, 4, 1]wating time list=[30, 3, 30, 0, 0, 30, 29, 8, 0, 30, 28, 1, 0, 15, 30, 14, 30, 22, 30, 30, 12, 19, 30, 7, 30, 30, 0, 0, 2, 7, 28, 18, 2, 0, 30, 14, 30, 4, 30, 27, 27, 30, 30, 30, 0, 21, 25, 15, 30, 30, 24, 0, 30, 20, 17, 24, 30, 23, 20, 19, 11, 30, 30, 0, 6, 30, 0, 13, 13, 16, 0, 30, 25, 30, 22, 30, 5, 30, 29, 9, 30, 10, 9, 8, 0, 30, 0, 30, 20, 22, 13, 13, 0, 8, 0, 5, 29, 28, 0, 29, 30, 27, 0, 2, 0, 30, 13, 16, 1, 0, 1, 0, 30, 30]
 tot_waiting_time========1948