[0, 1]
[0, 2, 3]
[0, 4]
[0, 6, 5]
[0, 7]
[0, 8]
[0, 9]
[0, 10]
[0, 12, 11]
[0, 13]
[0, 14]
[0, 15, 16]
[0, 17]
[0, 18]
[0, 19]
[0, 21, 20, 23]
[0, 22, 24]
[0, 26, 25]
[0, 27, 30, 29]
[0, 28]
[0, 31]
[0, 32, 33]
[0, 36, 34]
[0, 35]
[0, 37]
[0, 40, 41, 38]
[0, 39, 42]
[0, 43, 44]
[0, 45]
[0, 46]
[0, 51, 47]
[0, 48]
[0, 49]
[0, 50, 53, 52]
[0, 54, 55]
[0, 56, 58]
[0, 57]
[0, 60, 59]
[0, 61]
[0, 62]
[0, 63, 65]
[0, 64, 69]
[0, 66, 71]
[0, 67]
[0, 68, 73]
[0, 70, 74]
[0, 72]
[0, 75]
[0, 80, 81, 76, 77]
[0, 78, 79]
[0, 87, 86, 82]
[0, 83]
[0, 85, 89, 88]
[0, 84]
