[0, 2, 1]
[0, 3, 4]
[0, 5, 6]
[0, 7]
[0, 8]
[0, 9]
[0, 10]
[0, 12, 11]
[0, 13]
[0, 14]
[0, 17, 18, 15]
[0, 16]
[0, 20, 21, 19]
[0, 22, 23]
[0, 29, 24]
[0, 25]
[0, 26, 28]
[0, 27]
[0, 30, 32, 34]
[0, 31]
[0, 33]
[0, 37, 35]
[0, 41, 36]
[0, 43, 40, 38, 39]
[0, 42]
[0, 44]
[0, 45, 48]
[0, 46]
[0, 47, 51, 50]
[0, 53, 49]
[0, 52, 57, 56]
[0, 59, 54, 61, 55]
[0, 60, 62, 58]
[0, 66, 63, 65, 68]
[0, 74, 64, 70]
[0, 67]
[0, 73, 69, 71]
[0, 72]
[0, 75, 77, 79]
[0, 76]
[0, 78, 82, 83]
[0, 80]
[0, 81, 85]
[0, 84, 87, 86]
[0, 88, 89]
[0, 90, 91]
