[0, 1]
[0, 2]
[0, 5, 4, 3]
[0, 6]
[0, 8, 7]
[0, 9, 10]
[0, 11, 12]
[0, 13]
[0, 14]
[0, 15]
[0, 17, 16]
[0, 18]
[0, 19]
[0, 20]
[0, 21]
[0, 22, 23]
[0, 25, 24]
[0, 26]
[0, 27]
[0, 28]
[0, 29]
[0, 30]
[0, 33, 31]
[0, 32]
[0, 36, 37, 40, 34]
[0, 35, 38]
[0, 39]
[0, 41, 43, 42, 44]
[0, 50, 45]
[0, 51, 46, 47, 48]
[0, 49]
[0, 52, 54]
[0, 53, 55, 56]
[0, 57, 61, 62]
[0, 58, 59]
[0, 60]
[0, 63, 66]
[0, 69, 64]
[0, 65, 70]
[0, 68, 67]
[0, 71]
[0, 74, 76, 72]
[0, 81, 77, 73, 80]
[0, 75]
[0, 78]
[0, 82, 79]
[0, 89, 83, 86]
[0, 84]
[0, 90]
[0, 87, 88, 85]
