[0, 1]
[0, 2, 4]
[0, 3]
[0, 5]
[0, 7, 6, 8]
[0, 9]
[0, 10, 11]
[0, 13, 14, 12]
[0, 15, 16]
[0, 18, 17]
[0, 19]
[0, 21, 20]
[0, 22, 23]
[0, 25, 24]
[0, 26, 30]
[0, 27]
[0, 29, 28]
[0, 33, 34, 31, 32]
[0, 36, 35]
[0, 37, 38]
[0, 41, 39, 40]
[0, 42, 48, 46]
[0, 43]
[0, 47, 44]
[0, 45]
[0, 51, 49, 55]
[0, 50, 54]
[0, 52]
[0, 56, 58, 53]
[0, 57, 61]
[0, 65, 59, 60, 64]
[0, 69, 62, 70]
[0, 63, 68]
[0, 66]
[0, 67]
[0, 71]
[0, 77, 73, 72]
[0, 74, 75]
[0, 80, 76]
[0, 82, 78]
[0, 85, 83, 84, 79]
[0, 81]
[0, 86, 87]
[0, 88, 92]
[0, 93, 91, 89]
[0, 95, 94, 90]
[0, 96, 99]
[0, 97, 103, 98]
[0, 105, 104, 100]
[0, 101, 102]
[0, 108, 106]
[0, 113]
[0, 107, 109, 110]
[0, 112, 111]
[0, 114]
