[0, 2, 1]
[0, 3, 4]
[0, 5, 6]
[0, 7]
[0, 8]
[0, 9]
[0, 10]
[0, 12, 11]
[0, 13]
[0, 14]
[0, 17, 18, 15]
[0, 16]
[0, 20, 21, 19]
[0, 22, 23]
[0, 27, 29, 24]
[0, 25]
[0, 26]
[0, 28]
[0, 30]
[0, 33, 35, 31]
[0, 32]
[0, 34]
[0, 36, 38, 39]
[0, 37, 43, 40]
[0, 41]
[0, 44, 42]
[0, 45]
[0, 46]
[0, 47, 51, 48, 50]
[0, 53, 49]
[0, 52, 57, 56]
[0, 59, 54, 61, 55]
[0, 60, 62, 58]
[0, 66, 67, 63, 65]
[0, 69, 64, 70]
[0, 68]
[0, 73, 71]
[0, 72]
[0, 74, 76]
[0, 81, 75, 77]
[0, 78, 82, 79, 83]
[0, 80]
[0, 84, 87, 86]
[0, 85]
[0, 90, 91]
[0, 88, 89]
