[0, 1, 2],2
[0, 3],3
[0, 4],2
[0, 5],2
[0, 6],3
[0, 7],2
[0, 8],2
[0, 9],2
[0, 10],2
[0, 11],2
[0, 12],3
[0, 13],2
[0, 14],2
[0, 15],2
[0, 16],3
[0, 17, 18],2
[0, 19],2
[0, 20, 21],2
[0, 22],2
[0, 23],3
[0, 24],2
[0, 26, 25],3
[0, 27, 28, 29],3
[0, 31, 30, 32],3
[0, 33, 34],2
[0, 35],2
[0, 37, 36],2
[0, 38, 39],2
[0, 40, 41],2
[0, 42],2
[0, 43],2
[0, 44, 45, 46],2
[0, 47],2
[0, 48],2
[0, 49],2
[0, 50],2
[0, 51],2
[0, 52],2
[0, 53],2
[0, 54],2
[0, 55],2
[0, 56],2
[0, 58, 57],2
[0, 59],2
[0, 60],2
[0, 61, 62],3
[0, 63, 65],2
[0, 64, 66],2
[0, 68, 67],2
[0, 69],2
[0, 70],2
[0, 71],2
[0, 72],2
[0, 73],1
