[0, 2, 1],3
[0, 3],2
[0, 4],3
[0, 5, 6],3
[0, 7],2
[0, 8],3
[0, 9],3
[0, 10],2
[0, 11],2
[0, 13, 12],2
[0, 14],2
[0, 15],2
[0, 17, 16],2
[0, 18, 19],3
[0, 20],2
[0, 22, 21],2
[0, 23],2
[0, 24],2
[0, 25],2
[0, 26],2
[0, 27],2
[0, 28],2
[0, 30, 29],2
[0, 33, 35, 31],3
[0, 32],3
[0, 34],3
[0, 37, 36],2
[0, 38],2
[0, 39],2
[0, 40],2
[0, 41],2
[0, 42],2
[0, 43],2
[0, 44],2
[0, 45],2
[0, 46, 48],2
[0, 47, 49],2
[0, 50],2
[0, 51, 54, 55],3
[0, 52, 56],2
[0, 53, 57],3
[0, 62, 58, 59, 61],3
[0, 60],3
[0, 63, 64],2
[0, 65],2
[0, 66],2
[0, 67],2
[0, 68],2
[0, 69, 70, 71],3
[0, 72],2
[0, 73, 77],3
[0, 75, 74, 76],2
[0, 78, 79],2
[0, 80],2
[0, 81],2
[0, 82, 83],2
[0, 84],2
[0, 85],2
[0, 86],2
[0, 90, 91],1
[0, 88, 87, 89],1
