[0, 1],3
[0, 2, 4],3
[0, 3],3
[0, 5],3
[0, 6],2
[0, 7],2
[0, 8],2
[0, 9],2
[0, 10, 11],2
[0, 13, 14, 12],3
[0, 15, 16],3
[0, 17],2
[0, 18],2
[0, 19],2
[0, 21, 20],3
[0, 22, 23],3
[0, 24],2
[0, 25],3
[0, 26],2
[0, 27],2
[0, 28],2
[0, 29, 30],2
[0, 31],2
[0, 32],2
[0, 33],2
[0, 36, 35, 34],3
[0, 37, 38],2
[0, 39],2
[0, 40],2
[0, 41],3
[0, 42],2
[0, 43],2
[0, 44],2
[0, 45],2
[0, 48, 46],2
[0, 47],2
[0, 50, 51, 49],2
[0, 52],2
[0, 55, 53],2
[0, 54],2
[0, 57, 56],2
[0, 58],2
[0, 61, 59, 60, 64],3
[0, 62, 65],2
[0, 63],2
[0, 66],2
[0, 67],2
[0, 69, 68],2
[0, 70],2
[0, 71],2
[0, 73, 72],2
[0, 74, 75],2
[0, 76],2
[0, 77],2
[0, 78],2
[0, 80, 79],2
[0, 81],2
[0, 82],2
[0, 83],2
[0, 84],2
[0, 85],2
[0, 86],2
[0, 88, 87, 89],2
[0, 90],2
[0, 92, 93, 91],3
[0, 94],2
[0, 95],2
[0, 96, 99],2
[0, 97, 98],2
[0, 100],2
[0, 101, 102],2
[0, 103],2
[0, 105, 104],2
[0, 106],2
[0, 107],2
[0, 108],2
[0, 109, 110],2
[0, 112, 111],2
[0, 113],1
[0, 114],1
