[0, 1],2
[0, 2],3
[0, 5, 4, 3],3
[0, 6],3
[0, 7],2
[0, 8],3
[0, 9],2
[0, 12, 10],3
[0, 11],3
[0, 13],2
[0, 14],2
[0, 15],2
[0, 16],2
[0, 17],2
[0, 18],2
[0, 19],2
[0, 20],2
[0, 21],2
[0, 22, 23],3
[0, 25, 24],3
[0, 26],3
[0, 27],3
[0, 28],3
[0, 29],3
[0, 30],2
[0, 33, 31],3
[0, 32],3
[0, 34],2
[0, 36, 35],2
[0, 37],2
[0, 38],2
[0, 39],3
[0, 40, 43, 42],3
[0, 41, 44],2
[0, 50, 45],3
[0, 51, 46, 47, 48],3
[0, 49],2
[0, 52, 54],2
[0, 53, 55, 56],2
[0, 58, 57],2
[0, 59],2
[0, 60],3
[0, 61, 62],3
[0, 63],2
[0, 64],2
[0, 65],2
[0, 66],2
[0, 68, 67],3
[0, 69, 70],2
[0, 71],2
[0, 74, 76, 72],3
[0, 81, 77, 73, 80],3
[0, 75],3
[0, 78],3
[0, 82, 79],3
[0, 84],1
[0, 89],1
[0, 88, 85, 83, 86],1
[0, 87, 90],1
