[0, 1],2
[0, 2],2
[0, 3],2
[0, 4],2
[0, 6, 5],3
[0, 7],3
[0, 8],3
[0, 9],3
[0, 10],3
[0, 11],3
[0, 12, 13],3
[0, 14],2
[0, 15],2
[0, 16],2
[0, 17],2
[0, 18],2
[0, 19],2
[0, 20],2
[0, 21],2
[0, 22],2
[0, 23],2
[0, 25, 24, 27],3
[0, 26, 29],2
[0, 28],3
[0, 30],2
[0, 31],2
[0, 32],2
[0, 33],2
[0, 34],2
[0, 35],2
[0, 36],2
[0, 37],2
[0, 38],2
[0, 39],2
[0, 40],2
[0, 43, 41, 42],2
[0, 44],2
[0, 45],2
[0, 46],2
[0, 47],2
[0, 50, 48],3
[0, 49, 51],2
[0, 57, 53, 52, 55],3
[0, 56, 54],3
[0, 58],2
[0, 59],2
[0, 60],2
[0, 61],2
[0, 62],1
[0, 63],1
