[0, 1],2
[0, 2],3
[0, 3],3
[0, 4],2
[0, 5],2
[0, 6],3
[0, 7],2
[0, 8],2
[0, 9],2
[0, 10],2
[0, 11],2
[0, 12],3
[0, 13],2
[0, 15, 14],2
[0, 16],2
[0, 17],2
[0, 18],2
[0, 19],2
[0, 20],2
[0, 21],2
[0, 22],2
[0, 23],2
[0, 24],2
[0, 25],2
[0, 27, 26, 28],3
[0, 31, 29],3
[0, 30, 32],3
[0, 33],2
[0, 34],2
[0, 35],2
[0, 36],2
[0, 37],2
[0, 38],2
[0, 40, 39],2
[0, 41],2
[0, 42, 43],3
[0, 45, 44],2
[0, 46, 47],2
[0, 48],2
[0, 49],2
[0, 51, 50],2
[0, 52],2
[0, 53],2
[0, 55, 58, 54, 57],3
[0, 56, 59],3
[0, 60, 61],2
[0, 62, 64],2
[0, 63, 65],2
[0, 66],2
[0, 67],2
[0, 68],2
[0, 69],2
[0, 70],2
[0, 71],1
