[0, 1],2
[0, 2, 3],3
[0, 5, 6, 4],3
[0, 7],2
[0, 8],3
[0, 9],2
[0, 10],3
[0, 12, 11],2
[0, 13],3
[0, 14],2
[0, 15, 16],3
[0, 17],3
[0, 18],2
[0, 19],3
[0, 20],2
[0, 21],2
[0, 22],2
[0, 23],2
[0, 24],2
[0, 26, 25],3
[0, 27],2
[0, 28],2
[0, 30, 29, 31],3
[0, 32, 33],2
[0, 34],2
[0, 35],2
[0, 36],3
[0, 37],3
[0, 38],2
[0, 39],2
[0, 41, 40],3
[0, 42],2
[0, 43, 44],2
[0, 45],2
[0, 46, 47],2
[0, 48, 54],3
[0, 49],3
[0, 50],3
[0, 53, 52, 51],3
[0, 56, 58, 55],3
[0, 57],3
[0, 59, 60],3
[0, 61],3
[0, 62],3
[0, 66, 63, 65],3
[0, 64],2
[0, 67, 68],2
[0, 69],2
[0, 70, 73],3
[0, 71, 74],3
[0, 72],3
[0, 75],3
[0, 78, 77, 76, 81],3
[0, 83, 79],2
[0, 87, 85, 89],1
[0, 80, 86, 82, 88],1
[0, 84],1
