[0, 3, 2, 1],3
[0, 4],2
[0, 5],2
[0, 6],2
[0, 7],3
[0, 8],2
[0, 10, 9],3
[0, 11],2
[0, 12],2
[0, 13, 14],3
[0, 15],2
[0, 16],2
[0, 17],2
[0, 18],2
[0, 19],2
[0, 20],2
[0, 21],2
[0, 22],2
[0, 24, 23],2
[0, 25, 26],2
[0, 27],2
[0, 28],2
[0, 30, 29, 31],3
[0, 32],2
[0, 33],2
[0, 35, 34],2
[0, 36],3
[0, 37, 38],3
[0, 41, 39],2
[0, 40],2
[0, 42],2
[0, 44, 43],2
[0, 45, 46, 47],2
[0, 49, 48],2
[0, 50],2
[0, 51],2
[0, 52],2
[0, 54, 53],2
[0, 55, 56, 57],3
[0, 58, 61],3
[0, 64, 60, 59],3
[0, 62, 65],2
[0, 63],2
[0, 66, 67],3
[0, 68],2
[0, 70, 69],2
[0, 71],2
[0, 72],1
[0, 73],1
