
20
people number list=[1, 1, 1, 1, 1, 1, 1, 4, 2, 2, 1, 1, 2, 4, 1, 2, 2, 1, 1, 1, 1, 1, 1, 1, 1, 1, 2, 1, 1, 2, 1, 4, 1, 4, 2, 2, 1, 1, 1, 1, 1, 1, 2, 1, 4, 2, 1, 1, 2, 1, 1, 2, 1, 1, 1, 1, 1, 1, 1, 1, 1, 1, 1, 1, 1, 1, 1, 4, 1, 1, 2, 2, 2, 1, 1, 1, 1, 1, 1, 1, 1, 1, 1, 1, 1, 2, 1, 1, 1, 1, 1]
arrive time list=[592, 611, 663, 673, 760, 751, 798, 840, 887, 948, 1015, 1036, 1049, 1068, 1198, 1203, 1203, 1218, 1247, 1249, 1257, 1270, 1282, 1294, 1304, 1306, 1314, 1322, 1322, 1327, 1323, 1340, 1339, 1339, 1349, 1364, 1370, 1374, 1376, 1381, 1387, 1386, 1393, 1404, 1413, 1424, 1426, 1443, 1443, 1448, 1451, 1458, 1460, 1470, 1465, 1482, 1486, 1486, 1492, 1489, 1489, 1511, 1517, 1522, 1521, 1522, 1523, 1530, 1528, 1536, 1532, 1534, 1538, 1550, 1554, 1546, 1567, 1567, 1573, 1577, 1579, 1579, 1583, 1585, 1600, 1600, 1611, 1623, 1624, 1621, 1630]
person per car =[2, 1, 1, 2, 1, 4, 2, 2, 1, 1, 2, 4, 3, 3, 2, 2, 2, 3, 2, 7, 1, 1, 6, 5, 2, 1, 2, 1, 4, 3, 1, 2, 4, 2, 1, 3, 3, 1, 4, 1, 5, 3, 2, 2, 3, 1, 2, 2, 3, 3, 1, 2, 2]
waiting time=[26, 7, 11, 26, 15, 24, 28, 30, 12, 11, 10, 20, 29, 24, 25, 20, 20, 5, 20, 18, 23, 10, 24, 12, 27, 26, 17, 10, 27, 22, 10, 9, 20, 22, 12, 22, 16, 12, 10, 24, 18, 19, 23, 12, 13, 24, 25, 5, 9, 17, 14, 7, 23, 13, 23, 27, 23, 23, 18, 21, 21, 15, 14, 9, 10, 9, 8, 17, 22, 10, 14, 24, 19, 14, 10, 18, 13, 22, 27, 23, 10, 20, 16, 14, 25, 25, 13, 10, 10, 10, 10]
 tot_waiting_time========1575
21
people number list=[1, 1, 2, 1, 1, 1, 4, 4, 2, 2, 2, 2, 2, 2, 1, 1, 4, 2, 1, 1, 1, 1, 1, 1, 2, 1, 1, 1, 2, 1, 1, 1, 1, 1, 1, 1, 1, 1, 1, 1, 1, 1, 1, 1, 1, 1, 2, 1, 1, 2, 1, 1, 1, 1, 1, 1, 1, 1, 1, 2, 1, 2, 1]
arrive time list=[587, 603, 640, 672, 687, 707, 768, 796, 811, 866, 951, 956, 956, 1052, 1094, 1130, 1164, 1210, 1218, 1230, 1239, 1270, 1287, 1286, 1299, 1309, 1313, 1312, 1322, 1379, 1384, 1397, 1397, 1421, 1433, 1435, 1437, 1443, 1443, 1443, 1450, 1452, 1462, 1464, 1465, 1465, 1486, 1490, 1516, 1517, 1521, 1526, 1527, 1538, 1544, 1547, 1549, 1573, 1588, 1603, 1606, 1609, 1611]
person per car =[1, 1, 2, 2, 1, 4, 4, 2, 2, 2, 4, 2, 1, 1, 4, 2, 1, 1, 1, 2, 3, 2, 3, 1, 2, 1, 2, 3, 4, 2, 2, 3, 2, 4, 2, 2, 2, 2, 2, 2]
waiting time=[16, 12, 26, 20, 5, 32, 19, 12, 25, 23, 24, 19, 19, 17, 23, 25, 12, 26, 21, 26, 45, 18, 1, 23, 10, 26, 22, 23, 13, 15, 27, 14, 22, 23, 11, 22, 20, 15, 15, 15, 7, 6, 17, 20, 19, 14, 22, 18, 21, 18, 16, 9, 8, 26, 21, 17, 16, 24, 9, 10, 10, 10, 10]
 tot_waiting_time========1130
22
people number list=[1, 2, 2, 1, 1, 4, 1, 2, 1, 1, 1, 2, 4, 2, 1, 4, 1, 1, 1, 1, 1, 1, 1, 1, 1, 1, 1, 2, 2, 2, 2, 1, 1, 1, 1, 1, 1, 1, 1, 1, 1, 1, 1, 1, 1, 1, 1, 2, 1, 1, 1, 1, 1, 1, 1, 1, 1, 1, 2, 2, 1, 1, 1, 1, 1, 1, 1, 1, 2, 2, 1]
arrive time list=[565, 647, 592, 638, 689, 819, 892, 848, 945, 998, 1027, 1017, 1067, 1080, 1090, 1163, 1185, 1188, 1186, 1185, 1188, 1248, 1252, 1290, 1290, 1292, 1297, 1314, 1334, 1339, 1339, 1356, 1374, 1371, 1385, 1388, 1387, 1396, 1404, 1404, 1411, 1417, 1426, 1441, 1455, 1458, 1460, 1458, 1463, 1467, 1478, 1488, 1487, 1500, 1495, 1506, 1510, 1515, 1529, 1543, 1546, 1546, 1549, 1555, 1562, 1569, 1575, 1587, 1591, 1585, 1618]
person per car =[1, 3, 2, 1, 4, 1, 2, 1, 1, 3, 4, 3, 4, 2, 2, 1, 1, 1, 1, 1, 2, 4, 4, 2, 1, 3, 1, 1, 1, 2, 1, 3, 1, 2, 3, 3, 1, 3, 4, 1, 2, 2, 1, 2, 2, 2, 1]
waiting time=[13, 12, 27, 21, 26, 20, 17, 23, 19, 26, 10, 20, 11, 26, 16, 10, 16, 13, 15, 16, 12, 22, 18, 27, 27, 25, 20, 26, 6, 14, 14, 28, 10, 23, 24, 21, 22, 26, 14, 19, 28, 23, 13, 28, 14, 11, 14, 24, 19, 15, 4, 16, 17, 21, 9, 15, 11, 6, 26, 12, 25, 25, 23, 16, 10, 28, 27, 15, 25, 12, 10]
 tot_waiting_time========1297
23
people number list=[1, 1, 1, 1, 1, 1, 1, 1, 4, 4, 1, 1, 1, 1, 2, 2, 1, 1, 4, 2, 1, 1, 1, 1, 1, 1, 1, 1, 1, 1, 1, 2, 1, 1, 1, 1, 1, 1, 2, 2, 1, 1, 1, 1, 4, 1, 1, 2, 4, 2, 2, 1, 1, 2, 1, 2, 1, 1, 2, 1, 4, 1, 2, 1, 1, 1, 1, 1, 1, 1, 2, 4, 1, 1, 1, 1, 1, 1, 2, 1, 1, 1, 1, 1, 1, 1, 2, 1, 1]
arrive time list=[550, 610, 617, 651, 657, 657, 701, 760, 876, 877, 978, 979, 982, 1043, 1092, 1076, 1103, 1151, 1184, 1217, 1223, 1231, 1239, 1237, 1262, 1286, 1304, 1310, 1314, 1321, 1325, 1329, 1353, 1361, 1369, 1374, 1372, 1400, 1415, 1422, 1423, 1430, 1461, 1461, 1457, 1456, 1455, 1451, 1465, 1457, 1460, 1473, 1473, 1467, 1476, 1481, 1476, 1486, 1496, 1496, 1504, 1514, 1523, 1547, 1552, 1552, 1550, 1557, 1560, 1562, 1562, 1568, 1567, 1576, 1578, 1578, 1580, 1590, 1588, 1597, 1588, 1599, 1602, 1603, 1610, 1615, 1619, 1618, 1616]
person per car =[1, 1, 1, 3, 1, 1, 4, 4, 3, 1, 4, 1, 1, 4, 3, 1, 2, 1, 2, 1, 3, 2, 2, 1, 2, 1, 3, 3, 2, 4, 4, 4, 4, 4, 3, 1, 4, 4, 1, 2, 3, 4, 3, 4, 1, 1, 2, 4, 3, 1, 2, 3, 1]
waiting time=[25, 10, 23, 24, 18, 18, 22, 24, 8, 7, 11, 10, 7, 26, 6, 22, 10, 19, 12, 24, 18, 26, 19, 21, 22, 22, 4, 15, 20, 13, 9, 30, 26, 18, 28, 25, 27, 23, 24, 27, 26, 9, 10, 10, 12, 12, 13, 17, 13, 12, 9, 6, 6, 12, 18, 13, 22, 20, 10, 10, 10, 24, 22, 24, 19, 20, 22, 15, 11, 10, 10, 12, 5, 27, 19, 10, 8, 20, 22, 13, 22, 11, 8, 23, 21, 16, 7, 8, 11]
 tot_waiting_time========1453
24
people number list=[1, 1, 1, 4, 1, 1, 2, 1, 1, 1, 2, 4, 1, 1, 1, 1, 1, 2, 4, 1, 1, 1, 1, 1, 2, 1, 1, 1, 1, 1, 1, 1, 1, 2, 1, 2, 1, 2, 1, 1, 2, 1, 2, 1, 1, 2, 1, 1, 1, 1, 1, 1, 1, 1, 1, 1, 1, 1, 1, 1, 2, 1, 2, 1, 2, 1, 1, 1, 1, 1, 1, 1, 1]
arrive time list=[583, 588, 602, 623, 636, 650, 704, 736, 806, 801, 808, 804, 858, 863, 975, 974, 1003, 1008, 1054, 1070, 1089, 1084, 1133, 1232, 1269, 1249, 1307, 1319, 1320, 1351, 1361, 1379, 1378, 1396, 1419, 1426, 1432, 1439, 1439, 1451, 1451, 1460, 1470, 1479, 1481, 1483, 1485, 1495, 1515, 1514, 1529, 1529, 1537, 1539, 1535, 1542, 1544, 1541, 1550, 1559, 1554, 1561, 1574, 1570, 1580, 1590, 1593, 1598, 1603, 1607, 1611, 1612, 1614]
person per car =[3, 4, 1, 1, 2, 1, 2, 2, 4, 2, 2, 1, 2, 4, 3, 1, 1, 3, 3, 2, 2, 2, 1, 4, 2, 3, 3, 2, 4, 3, 3, 1, 2, 2, 1, 3, 3, 4, 1, 3, 2]
waiting time=[27, 22, 8, 14, 27, 28, 23, 23, 17, 22, 15, 19, 24, 19, 22, 23, 28, 23, 21, 24, 5, 10, 23, 18, 6, 26, 24, 12, 11, 25, 15, 24, 25, 20, 26, 25, 19, 23, 12, 24, 24, 15, 5, 25, 23, 21, 19, 9, 24, 25, 10, 25, 27, 15, 27, 12, 23, 26, 12, 22, 25, 18, 21, 25, 25, 15, 10, 7, 10, 10, 10, 10, 10]
 tot_waiting_time========1387
25
people number list=[1, 2, 1, 1, 2, 1, 1, 1, 1, 2, 1, 1, 1, 2, 1, 1, 1, 1, 1, 1, 4, 1, 1, 1, 1, 1, 1, 1, 1, 2, 1, 2, 1, 1, 1, 1, 2, 2, 1, 1, 1, 1, 1, 1, 2, 1, 1, 1, 1, 1, 1, 1, 1, 1, 1, 2, 1, 2, 1, 1, 2, 2, 4, 2, 1, 1, 1, 1, 1, 1, 2, 4, 1]
arrive time list=[594, 597, 621, 648, 673, 687, 711, 801, 828, 828, 892, 915, 1036, 1056, 1085, 1145, 1223, 1236, 1241, 1242, 1248, 1249, 1259, 1262, 1264, 1268, 1275, 1345, 1358, 1359, 1370, 1404, 1423, 1424, 1426, 1426, 1435, 1441, 1461, 1462, 1469, 1480, 1484, 1504, 1504, 1505, 1506, 1511, 1512, 1513, 1516, 1523, 1532, 1534, 1536, 1537, 1540, 1541, 1541, 1550, 1553, 1564, 1558, 1560, 1560, 1561, 1587, 1602, 1601, 1600, 1605, 1610, 1633]
person per car =[1, 2, 1, 1, 2, 1, 1, 1, 3, 1, 1, 1, 2, 1, 1, 2, 2, 4, 1, 2, 2, 1, 4, 1, 2, 1, 4, 3, 2, 1, 2, 3, 2, 3, 2, 4, 3, 3, 4, 4, 3, 1, 1, 1, 4, 4, 1]
waiting time=[10, 29, 20, 22, 24, 25, 21, 24, 46, 46, 23, 24, 24, 24, 23, 15, 24, 11, 15, 14, 10, 29, 20, 17, 15, 11, 25, 25, 12, 11, 18, 15, 26, 25, 24, 23, 15, 8, 21, 24, 13, 24, 20, 15, 15, 21, 20, 13, 12, 11, 15, 8, 14, 26, 10, 9, 21, 20, 19, 10, 21, 10, 7, 25, 25, 25, 22, 21, 22, 23, 18, 13, 10]
 tot_waiting_time========1396
26
people number list=[1, 2, 1, 1, 1, 2, 1, 1, 1, 1, 2, 2, 1, 1, 4, 2, 2, 4, 4, 4, 4, 2, 2, 1, 2, 1, 2, 2, 1, 4, 1, 1, 2, 1, 1, 1, 1, 1, 4, 1, 1, 1, 1, 1, 1, 1, 1, 1, 1, 1, 1, 2, 1, 2, 1, 2, 2, 2, 1, 1, 1, 1, 1, 1, 1, 1, 2, 2, 1, 2, 1, 1, 1, 2, 2, 1, 1, 1, 1, 1, 1, 2, 1, 4, 1, 1, 1, 1, 1, 1]
arrive time list=[535, 552, 584, 590, 589, 602, 665, 654, 864, 887, 899, 896, 963, 956, 981, 1008, 996, 1009, 1011, 1009, 1009, 1042, 1061, 1062, 1065, 1140, 1197, 1222, 1224, 1285, 1283, 1281, 1295, 1328, 1335, 1347, 1349, 1353, 1355, 1358, 1369, 1378, 1379, 1389, 1416, 1416, 1428, 1430, 1430, 1434, 1435, 1451, 1453, 1453, 1453, 1455, 1467, 1467, 1481, 1484, 1457, 1457, 1492, 1498, 1509, 1510, 1501, 1514, 1520, 1522, 1529, 1536, 1534, 1541, 1542, 1550, 1559, 1558, 1557, 1558, 1562, 1568, 1568, 1575, 1570, 1578, 1571, 1584, 1576, 1585]
person per car =[1, 2, 3, 2, 2, 1, 3, 2, 2, 4, 4, 4, 4, 4, 4, 4, 3, 1, 2, 2, 1, 4, 2, 2, 1, 2, 3, 4, 1, 3, 4, 1, 4, 4, 2, 4, 2, 1, 2, 3, 2, 3, 2, 1, 4, 2, 4, 1, 4, 4, 4, 1, 1]
waiting time=[25, 9, 26, 20, 21, 20, 13, 24, 23, 26, 14, 31, 16, 23, 8, 11, 23, 11, 13, 26, 26, 22, 3, 16, 13, 21, 26, 25, 23, 10, 12, 14, 22, 22, 24, 12, 25, 21, 7, 16, 21, 22, 21, 11, 18, 18, 6, 4, 25, 22, 21, 5, 10, 10, 10, 20, 14, 14, 24, 21, 18, 18, 26, 7, 9, 8, 24, 23, 17, 21, 24, 18, 20, 13, 11, 19, 10, 23, 12, 11, 19, 13, 13, 6, 23, 15, 22, 9, 19, 10]
 tot_waiting_time========1541
27
people number list=[1, 2, 1, 2, 4, 1, 1, 1, 4, 1, 1, 1, 1, 2, 1, 1, 1, 1, 1, 2, 1, 2, 1, 1, 1, 1, 4, 2, 2, 1, 1, 1, 1, 1, 2, 1, 1, 1, 1, 1, 1, 1, 1, 1, 4, 1, 1, 1, 1, 2, 1, 4, 1, 1, 1, 1, 1, 1, 1, 1, 1, 1, 1, 1, 1, 1, 4, 1, 1, 1, 4, 1, 1, 1, 1, 1, 1, 1, 1, 1, 1, 1, 1, 1, 1, 1, 1, 2, 1, 1, 1, 1, 2, 2, 1, 2, 2, 1, 2, 1, 1, 1, 1, 1, 2, 1, 2, 1, 1, 1, 2, 2, 1, 1]
arrive time list=[542, 615, 607, 618, 684, 738, 739, 760, 765, 772, 774, 805, 806, 791, 892, 908, 969, 977, 1019, 1029, 1047, 1104, 1093, 1175, 1152, 1199, 1200, 1224, 1222, 1222, 1261, 1271, 1287, 1289, 1290, 1306, 1306, 1332, 1338, 1341, 1341, 1384, 1388, 1389, 1386, 1393, 1394, 1399, 1404, 1407, 1410, 1410, 1417, 1417, 1417, 1423, 1424, 1424, 1433, 1434, 1443, 1439, 1447, 1453, 1447, 1447, 1449, 1464, 1456, 1453, 1461, 1472, 1477, 1478, 1486, 1491, 1497, 1500, 1502, 1512, 1515, 1520, 1522, 1523, 1531, 1502, 1532, 1536, 1535, 1539, 1542, 1553, 1555, 1553, 1561, 1559, 1561, 1562, 1564, 1563, 1565, 1568, 1590, 1590, 1592, 1590, 1603, 1604, 1615, 1616, 1616, 1617, 1617, 1619]
person per car =[1, 3, 2, 4, 2, 5, 1, 1, 1, 1, 2, 2, 2, 3, 1, 3, 1, 1, 1, 4, 2, 3, 2, 4, 2, 1, 2, 1, 1, 1, 2, 4, 3, 3, 4, 2, 3, 3, 2, 3, 1, 4, 1, 2, 4, 2, 1, 1, 1, 3, 2, 1, 4, 1, 3, 3, 4, 3, 3, 4, 1, 3, 3, 1, 3, 4, 1, 1]
waiting time=[19, 15, 23, 13, 12, 24, 23, 24, 19, 24, 10, 5, 29, 14, 23, 7, 24, 16, 27, 17, 23, 9, 20, 29, 24, 18, 7, 13, 17, 17, 26, 16, 16, 14, 13, 20, 20, 27, 22, 19, 21, 18, 27, 12, 13, 8, 30, 20, 15, 17, 9, 9, 26, 26, 26, 21, 19, 20, 25, 9, 1, 19, 21, 15, 21, 20, 10, 18, 12, 15, 12, 25, 5, 21, 27, 6, 22, 27, 17, 7, 12, 12, 27, 26, 18, 22, 17, 13, 14, 26, 23, 12, 10, 12, 19, 21, 27, 26, 17, 18, 16, 28, 23, 24, 22, 24, 10, 28, 17, 16, 28, 27, 27, 10]
 tot_waiting_time========2102