[0, 1, 2]
[0, 3]
[0, 4]
[0, 5, 6]
[0, 7]
[0, 8]
[0, 9]
[0, 10]
[0, 11]
[0, 12]
[0, 13]
[0, 14]
[0, 15, 17]
[0, 16, 18]
[0, 19, 20]
[0, 21, 22]
[0, 23, 24]
[0, 25, 27]
[0, 26, 28]
[0, 29, 30, 32]
[0, 31]
[0, 33]
[0, 34, 35]
[0, 36, 37, 38, 39]
[0, 40, 41]
[0, 42]
[0, 43]
[0, 44]
[0, 45]
[0, 46, 48]
[0, 47]
[0, 49]
[0, 50, 51, 52]
[0, 53, 54]
[0, 55]
[0, 56, 57, 58]
[0, 59, 60, 61]
[0, 62]
[0, 63, 64, 65, 66]
[0, 67]
[0, 68, 69]
[0, 70, 71]
[0, 72]
[0, 73]
[0, 74, 75, 76]
[0, 77]
[0, 78, 81]
[0, 79, 80]
[0, 82, 83, 84]
[0, 85, 86]
[0, 87]
[0, 88, 89]
[0, 90, 91]
