[0, 1]
[0, 2, 3]
[0, 4]
[0, 5]
[0, 6, 7]
[0, 8, 9]
[0, 10]
[0, 11]
[0, 12]
[0, 13]
[0, 14]
[0, 15, 16]
[0, 17, 18]
[0, 19, 20]
[0, 21]
[0, 22, 23]
[0, 24]
[0, 25]
[0, 26]
[0, 27]
[0, 28]
[0, 29, 30]
[0, 31, 32]
[0, 33, 34, 35]
[0, 36, 37]
[0, 38]
[0, 39, 40]
[0, 41]
[0, 42]
[0, 43]
[0, 44, 46]
[0, 45]
[0, 47, 50]
[0, 48, 49, 51]
[0, 52]
[0, 53, 54]
[0, 55, 57, 60]
[0, 56, 58, 61]
[0, 59, 62]
[0, 63, 64, 65]
[0, 66]
[0, 67]
[0, 68]
[0, 69, 70]
[0, 71]
[0, 72, 76]
[0, 73]
[0, 74]
[0, 75]
[0, 77, 79, 80]
[0, 78, 81]
[0, 82]
[0, 83, 84, 85, 89]
[0, 86]
[0, 87, 88]
[0, 90, 91, 92]
[0, 93, 94]
[0, 95, 96]
[0, 97, 98]
[0, 99, 100, 101]
[0, 102]
[0, 103, 107]
[0, 104, 105]
[0, 106]
[0, 108, 109, 110]
[0, 111, 112]
[0, 113]
[0, 114]
