[0, 1]
[0, 2]
[0, 3, 4, 5]
[0, 6]
[0, 7, 8]
[0, 9]
[0, 10, 11]
[0, 12]
[0, 13, 14]
[0, 15]
[0, 16, 17]
[0, 18]
[0, 19]
[0, 20]
[0, 21]
[0, 22, 23]
[0, 24, 25]
[0, 26]
[0, 27]
[0, 28]
[0, 29]
[0, 30]
[0, 31, 32]
[0, 33]
[0, 34]
[0, 35, 36]
[0, 37, 38, 40]
[0, 39]
[0, 41]
[0, 42, 43, 44]
[0, 45, 46, 47, 48]
[0, 49]
[0, 50, 51, 52]
[0, 53, 54, 55]
[0, 56]
[0, 57, 58]
[0, 59, 64]
[0, 60]
[0, 61, 62]
[0, 63, 65, 66]
[0, 67]
[0, 68, 69]
[0, 70]
[0, 71]
[0, 72, 73, 74]
[0, 75]
[0, 76, 77, 79, 80]
[0, 78]
[0, 81, 82, 83]
[0, 84]
[0, 85, 86, 87, 88]
[0, 89]
[0, 90]
