[0, 1]
[0, 2]
[0, 3]
[0, 4, 5, 6]
[0, 7]
[0, 8]
[0, 9]
[0, 10]
[0, 11, 12, 13]
[0, 14]
[0, 15, 16]
[0, 17]
[0, 18]
[0, 19]
[0, 20, 21]
[0, 22]
[0, 23, 24]
[0, 25]
[0, 26, 27]
[0, 28]
[0, 29, 30, 31]
[0, 32]
[0, 33, 34]
[0, 35]
[0, 36, 37]
[0, 38]
[0, 39, 42]
[0, 40, 41]
[0, 43, 44]
[0, 45]
[0, 46, 47, 48]
[0, 49]
[0, 50, 51]
[0, 52, 53, 54]
[0, 55, 56]
[0, 57]
[0, 58, 59, 60]
[0, 61]
[0, 62]
[0, 63]
[0, 64, 65, 69]
[0, 66, 70, 71]
[0, 67, 68, 73]
[0, 72]
[0, 74]
[0, 75]
[0, 76, 77]
[0, 78, 80, 81, 82]
[0, 79, 83]
[0, 84]
[0, 85, 86]
[0, 87, 88]
[0, 89]
