
20
people number list=[1, 1, 1, 1, 1, 1, 1, 4, 2, 2, 1, 1, 2, 4, 1, 2, 2, 1, 1, 1, 1, 1, 1, 1, 1, 1, 2, 1, 1, 2, 1, 4, 1, 4, 2, 2, 1, 1, 1, 1, 1, 1, 2, 1, 4, 2, 1, 1, 2, 1, 1, 2, 1, 1, 1, 1, 1, 1, 1, 1, 1, 1, 1, 1, 1, 1, 1, 4, 1, 1, 2, 2, 2, 1, 1, 1, 1, 1, 1, 1, 1, 1, 1, 1, 1, 2, 1, 1, 1, 1, 1]
arrive time list=[592, 611, 663, 673, 760, 751, 798, 840, 887, 948, 1015, 1036, 1049, 1068, 1198, 1203, 1203, 1218, 1247, 1249, 1257, 1270, 1282, 1294, 1304, 1306, 1314, 1322, 1322, 1327, 1323, 1340, 1339, 1339, 1349, 1364, 1370, 1374, 1376, 1381, 1387, 1386, 1393, 1404, 1413, 1424, 1426, 1443, 1443, 1448, 1451, 1458, 1460, 1470, 1465, 1482, 1486, 1486, 1492, 1489, 1489, 1511, 1517, 1522, 1521, 1522, 1523, 1530, 1528, 1536, 1532, 1534, 1538, 1550, 1554, 1546, 1567, 1567, 1573, 1577, 1579, 1579, 1583, 1585, 1600, 1600, 1611, 1623, 1624, 1621, 1630]
person per car =[1, 1, 1, 1, 2, 1, 4, 2, 2, 1, 3, 4, 1, 2, 3, 3, 2, 1, 3, 1, 1, 4, 3, 4, 4, 4, 1, 1, 2, 3, 3, 4, 4, 3, 2, 4, 3, 3, 4, 4, 4, 2, 4, 4, 3, 1, 1, 3, 2, 2]wating time list=[8, 19, 27, 17, 20, 29, 12, 30, 13, 12, 5, 14, 1, 12, 2, 27, 27, 12, 13, 11, 3, 20, 8, 26, 16, 14, 6, 28, 28, 23, 27, 10, 11, 11, 1, 16, 10, 6, 4, 29, 23, 24, 17, 6, 27, 16, 14, 27, 27, 22, 19, 12, 10, 30, 5, 18, 14, 14, 8, 11, 11, 19, 13, 8, 9, 8, 7, 30, 2, 24, 28, 26, 22, 10, 6, 14, 23, 23, 17, 13, 11, 11, 7, 5, 20, 20, 9, 27, 26, 29, 20]
 tot_waiting_time========1450
21
people number list=[1, 1, 2, 1, 1, 1, 4, 4, 2, 2, 2, 2, 2, 2, 1, 1, 4, 2, 1, 1, 1, 1, 1, 1, 2, 1, 1, 1, 2, 1, 1, 1, 1, 1, 1, 1, 1, 1, 1, 1, 1, 1, 1, 1, 1, 1, 2, 1, 1, 2, 1, 1, 1, 1, 1, 1, 1, 1, 1, 2, 1, 2, 1]
arrive time list=[587, 603, 640, 672, 687, 707, 768, 796, 811, 866, 951, 956, 956, 1052, 1094, 1130, 1164, 1210, 1218, 1230, 1239, 1270, 1287, 1286, 1299, 1309, 1313, 1312, 1322, 1379, 1384, 1397, 1397, 1421, 1433, 1435, 1437, 1443, 1443, 1443, 1450, 1452, 1462, 1464, 1465, 1465, 1486, 1490, 1516, 1517, 1521, 1526, 1527, 1538, 1544, 1547, 1549, 1573, 1588, 1603, 1606, 1609, 1611]
person per car =[1, 1, 2, 2, 1, 4, 4, 2, 2, 2, 4, 2, 1, 1, 4, 2, 1, 2, 2, 1, 1, 4, 2, 1, 1, 2, 2, 2, 4, 1, 2, 2, 3, 2, 4, 1, 3, 2, 2, 2, 2]wating time list=[13, 27, 20, 18, 3, 13, 12, 14, 29, 4, 9, 0, 4, 28, 16, 10, 6, 20, 12, 30, 21, 20, 3, 4, 21, 11, 7, 8, 28, 1, 26, 13, 13, 19, 7, 5, 3, 27, 0, 0, 20, 18, 8, 6, 5, 5, 14, 10, 14, 13, 9, 4, 3, 22, 16, 13, 11, 17, 2, 17, 14, 11, 9]
 tot_waiting_time========786
22
people number list=[1, 2, 2, 1, 1, 4, 1, 2, 1, 1, 1, 2, 4, 2, 1, 4, 1, 1, 1, 1, 1, 1, 1, 1, 1, 1, 1, 2, 2, 2, 2, 1, 1, 1, 1, 1, 1, 1, 1, 1, 1, 1, 1, 1, 1, 1, 1, 2, 1, 1, 1, 1, 1, 1, 1, 1, 1, 1, 2, 2, 1, 1, 1, 1, 1, 1, 1, 1, 2, 2, 1]
arrive time list=[565, 647, 592, 638, 689, 819, 892, 848, 945, 998, 1027, 1017, 1067, 1080, 1090, 1163, 1185, 1188, 1186, 1185, 1188, 1248, 1252, 1290, 1290, 1292, 1297, 1314, 1334, 1339, 1339, 1356, 1374, 1371, 1385, 1388, 1387, 1396, 1404, 1404, 1411, 1417, 1426, 1441, 1455, 1458, 1460, 1458, 1463, 1467, 1478, 1488, 1487, 1500, 1495, 1506, 1510, 1515, 1529, 1543, 1546, 1546, 1549, 1555, 1562, 1569, 1575, 1587, 1591, 1585, 1618]
person per car =[1, 2, 3, 1, 4, 2, 1, 1, 1, 2, 1, 4, 3, 4, 3, 1, 1, 1, 1, 2, 4, 4, 2, 2, 1, 1, 4, 1, 1, 2, 3, 2, 3, 4, 2, 4, 1, 3, 2, 3, 3, 3]wating time list=[5, 13, 8, 22, 1, 21, 8, 22, 15, 22, 23, 3, 13, 30, 20, 7, 15, 12, 14, 15, 12, 12, 8, 30, 30, 28, 23, 6, 16, 11, 11, 24, 6, 9, 25, 22, 23, 14, 6, 6, 29, 23, 14, 29, 15, 12, 10, 12, 7, 3, 22, 12, 13, 30, 5, 24, 20, 15, 1, 17, 14, 14, 11, 5, 28, 21, 15, 3, 29, 5, 2]
 tot_waiting_time========1071
23
people number list=[1, 1, 1, 1, 1, 1, 1, 1, 4, 4, 1, 1, 1, 1, 2, 2, 1, 1, 4, 2, 1, 1, 1, 1, 1, 1, 1, 1, 1, 1, 1, 2, 1, 1, 1, 1, 1, 1, 2, 2, 1, 1, 1, 1, 4, 1, 1, 2, 4, 2, 2, 1, 1, 2, 1, 2, 1, 1, 2, 1, 4, 1, 2, 1, 1, 1, 1, 1, 1, 1, 2, 4, 1, 1, 1, 1, 1, 1, 2, 1, 1, 1, 1, 1, 1, 1, 2, 1, 1]
arrive time list=[550, 610, 617, 651, 657, 657, 701, 760, 876, 877, 978, 979, 982, 1043, 1092, 1076, 1103, 1151, 1184, 1217, 1223, 1231, 1239, 1237, 1262, 1286, 1304, 1310, 1314, 1321, 1325, 1329, 1353, 1361, 1369, 1374, 1372, 1400, 1415, 1422, 1423, 1430, 1461, 1461, 1457, 1456, 1455, 1451, 1465, 1457, 1460, 1473, 1473, 1467, 1476, 1481, 1476, 1486, 1496, 1496, 1504, 1514, 1523, 1547, 1552, 1552, 1550, 1557, 1560, 1562, 1562, 1568, 1567, 1576, 1578, 1578, 1580, 1590, 1588, 1597, 1588, 1599, 1602, 1603, 1610, 1615, 1619, 1618, 1616]
person per car =[1, 2, 3, 1, 1, 4, 4, 1, 2, 1, 2, 3, 1, 4, 3, 1, 2, 2, 3, 2, 3, 3, 1, 1, 3, 3, 4, 2, 2, 4, 4, 4, 4, 3, 4, 1, 4, 2, 1, 1, 2, 2, 4, 3, 1, 1, 4, 3, 1, 4, 3, 3]wating time list=[20, 20, 13, 9, 3, 3, 19, 20, 24, 23, 12, 11, 8, 7, 18, 4, 7, 19, 16, 13, 7, 29, 21, 23, 28, 4, 16, 10, 6, 59, 55, 21, 27, 19, 11, 6, 8, 10, 25, 18, 17, 10, 9, 9, 13, 14, 15, 19, 5, 13, 10, 0, 0, 3, 24, 19, 24, 14, 4, 4, 26, 16, 7, 13, 8, 8, 10, 3, 30, 28, 28, 22, 23, 14, 12, 12, 10, 30, 2, 23, 2, 21, 18, 17, 10, 5, 1, 2, 4]
 tot_waiting_time========1303
24
people number list=[1, 1, 1, 4, 1, 1, 2, 1, 1, 1, 2, 4, 1, 1, 1, 1, 1, 2, 4, 1, 1, 1, 1, 1, 2, 1, 1, 1, 1, 1, 1, 1, 1, 2, 1, 2, 1, 2, 1, 1, 2, 1, 2, 1, 1, 2, 1, 1, 1, 1, 1, 1, 1, 1, 1, 1, 1, 1, 1, 1, 2, 1, 2, 1, 2, 1, 1, 1, 1, 1, 1, 1, 1]
arrive time list=[583, 588, 602, 623, 636, 650, 704, 736, 806, 801, 808, 804, 858, 863, 975, 974, 1003, 1008, 1054, 1070, 1089, 1084, 1133, 1232, 1269, 1249, 1307, 1319, 1320, 1351, 1361, 1379, 1378, 1396, 1419, 1426, 1432, 1439, 1439, 1451, 1451, 1460, 1470, 1479, 1481, 1483, 1485, 1495, 1515, 1514, 1529, 1529, 1537, 1539, 1535, 1542, 1544, 1541, 1550, 1559, 1554, 1561, 1574, 1570, 1580, 1590, 1593, 1598, 1603, 1607, 1611, 1612, 1614]
person per car =[2, 1, 4, 1, 1, 2, 1, 2, 4, 2, 2, 2, 3, 4, 1, 2, 1, 2, 2, 2, 1, 1, 3, 2, 1, 3, 3, 4, 2, 4, 2, 4, 3, 4, 3, 2, 4, 2, 2, 4]wating time list=[17, 12, 28, 7, 24, 10, 16, 14, 4, 9, 2, 6, 12, 7, 15, 16, 17, 12, 26, 10, 0, 26, 7, 28, 21, 11, 13, 1, 30, 29, 19, 1, 2, 14, 21, 14, 8, 1, 1, 19, 19, 10, 30, 21, 19, 17, 15, 5, 15, 16, 1, 1, 23, 21, 25, 18, 16, 19, 10, 1, 6, 29, 16, 20, 10, 30, 27, 22, 17, 13, 9, 8, 6]
 tot_waiting_time========1045
25
people number list=[1, 2, 1, 1, 2, 1, 1, 1, 1, 2, 1, 1, 1, 2, 1, 1, 1, 1, 1, 1, 4, 1, 1, 1, 1, 1, 1, 1, 1, 2, 1, 2, 1, 1, 1, 1, 2, 2, 1, 1, 1, 1, 1, 1, 2, 1, 1, 1, 1, 1, 1, 1, 1, 1, 1, 2, 1, 2, 1, 1, 2, 2, 4, 2, 1, 1, 1, 1, 1, 1, 2, 4, 1]
arrive time list=[594, 597, 621, 648, 673, 687, 711, 801, 828, 828, 892, 915, 1036, 1056, 1085, 1145, 1223, 1236, 1241, 1242, 1248, 1249, 1259, 1262, 1264, 1268, 1275, 1345, 1358, 1359, 1370, 1404, 1423, 1424, 1426, 1426, 1435, 1441, 1461, 1462, 1469, 1480, 1484, 1504, 1504, 1505, 1506, 1511, 1512, 1513, 1516, 1523, 1532, 1534, 1536, 1537, 1540, 1541, 1541, 1550, 1553, 1564, 1558, 1560, 1560, 1561, 1587, 1602, 1601, 1600, 1605, 1610, 1633]
person per car =[3, 1, 1, 2, 1, 1, 1, 3, 1, 1, 1, 2, 1, 1, 1, 4, 3, 1, 1, 1, 3, 1, 4, 2, 2, 4, 2, 1, 2, 2, 4, 1, 3, 2, 2, 4, 2, 4, 4, 2, 2, 2, 4, 4, 1, 1]wating time list=[6, 3, 9, 12, 17, 3, 9, 9, 12, 12, 8, 15, 14, 24, 25, 25, 7, 24, 19, 18, 12, 11, 1, 28, 26, 22, 15, 5, 22, 21, 10, 6, 17, 16, 14, 14, 5, 29, 9, 8, 1, 20, 16, 26, 26, 25, 24, 19, 18, 17, 14, 7, 28, 26, 24, 23, 20, 19, 19, 10, 7, 26, 2, 0, 0, 29, 3, 18, 19, 20, 15, 10, 17]
 tot_waiting_time========1110
26
people number list=[1, 2, 1, 1, 1, 2, 1, 1, 1, 1, 2, 2, 1, 1, 4, 2, 2, 4, 4, 4, 4, 2, 2, 1, 2, 1, 2, 2, 1, 4, 1, 1, 2, 1, 1, 1, 1, 1, 4, 1, 1, 1, 1, 1, 1, 1, 1, 1, 1, 1, 1, 2, 1, 2, 1, 2, 2, 2, 1, 1, 1, 1, 1, 1, 1, 1, 2, 2, 1, 2, 1, 1, 1, 2, 2, 1, 1, 1, 1, 1, 1, 2, 1, 4, 1, 1, 1, 1, 1, 1]
arrive time list=[1975, 552, 584, 590, 589, 602, 665, 654, 864, 887, 899, 896, 963, 956, 981, 1008, 996, 1009, 1011, 1009, 1009, 1042, 1061, 1062, 1065, 1140, 1197, 1222, 1224, 1285, 1283, 1281, 1295, 1328, 1335, 1347, 1349, 1353, 1355, 1358, 1369, 1378, 1379, 1389, 1416, 1416, 1428, 1430, 1430, 1434, 1435, 1451, 1453, 1453, 1453, 1455, 1467, 1467, 1481, 1484, 1457, 1457, 1492, 1498, 1509, 1510, 1501, 1514, 1520, 1522, 1529, 1536, 1534, 1541, 1542, 1550, 1559, 1558, 1557, 1558, 1562, 1568, 1568, 1575, 1570, 1578, 1571, 1584, 1576, 1585]
person per car =[2, 3, 2, 1, 1, 1, 2, 3, 1, 1, 4, 4, 4, 4, 4, 4, 2, 2, 3, 1, 2, 2, 1, 4, 1, 1, 2, 1, 3, 4, 1, 4, 1, 1, 4, 2, 4, 2, 5, 4, 1, 2, 1, 4, 1, 4, 1, 4, 2, 1, 4, 1, 4, 4, 2, 3]wating time list=[0, 18, 16, 10, 11, 28, 25, 6, 6, 13, 1, 4, 27, 4, 9, 12, 24, 11, 9, 11, 11, 8, 19, 18, 15, 30, 3, 8, 6, 5, 7, 9, 25, 22, 15, 3, 1, 27, 25, 22, 11, 2, 1, 21, 24, 24, 12, 10, 10, 6, 5, 19, 17, 17, 17, 15, 3, 3, 19, 16, 0, 13, 8, 2, 21, 20, 29, 16, 10, 8, 1, 24, 26, 0, 18, 10, 1, 2, 3, 2, 28, 22, 22, 15, 20, 12, 19, 6, 14, 5]
 tot_waiting_time========1153
27
people number list=[1, 2, 1, 2, 4, 1, 1, 1, 4, 1, 1, 1, 1, 2, 1, 1, 1, 1, 1, 2, 1, 2, 1, 1, 1, 1, 4, 2, 2, 1, 1, 1, 1, 1, 2, 1, 1, 1, 1, 1, 1, 1, 1, 1, 4, 1, 1, 1, 1, 2, 1, 4, 1, 1, 1, 1, 1, 1, 1, 1, 1, 1, 1, 1, 1, 1, 4, 1, 1, 1, 4, 1, 1, 1, 1, 1, 1, 1, 1, 1, 1, 1, 1, 1, 1, 1, 1, 2, 1, 1, 1, 1, 2, 2, 1, 2, 2, 1, 2, 1, 1, 1, 1, 1, 2, 1, 2, 1, 1, 1, 2, 2, 1, 1]
arrive time list=[542, 615, 607, 618, 684, 738, 739, 760, 765, 772, 774, 805, 806, 791, 892, 908, 969, 977, 1019, 1029, 1047, 1104, 1093, 1175, 1152, 1199, 1200, 1224, 1222, 1222, 1261, 1271, 1287, 1289, 1290, 1306, 1306, 1332, 1338, 1341, 1341, 1384, 1388, 1389, 1386, 1393, 1394, 1399, 1404, 1407, 1410, 1410, 1417, 1417, 1417, 1423, 1424, 1424, 1433, 1434, 1443, 1439, 1447, 1453, 1447, 1447, 1449, 1464, 1456, 1453, 1461, 1472, 1477, 1478, 1486, 1491, 1497, 1500, 1502, 1512, 1515, 1520, 1522, 1523, 1531, 1502, 1532, 1536, 1535, 1539, 1542, 1553, 1555, 1553, 1561, 1559, 1561, 1562, 1564, 1563, 1565, 1568, 1590, 1590, 1592, 1590, 1603, 1604, 1615, 1616, 1616, 1617, 1617, 1619]
person per car =[1, 1, 4, 4, 2, 4, 1, 2, 4, 1, 1, 2, 1, 3, 3, 1, 2, 1, 4, 4, 4, 3, 1, 3, 1, 1, 1, 1, 4, 3, 3, 4, 1, 3, 3, 3, 3, 1, 1, 4, 4, 1, 2, 2, 3, 1, 2, 2, 1, 2, 1, 2, 4, 3, 2, 3, 3, 2, 4, 3, 2, 3, 4, 3, 1]wating time list=[28, 15, 23, 12, 6, 12, 11, 20, 15, 8, 6, 5, 4, 19, 8, 22, 0, 13, 1, 21, 3, 6, 17, 25, 18, 1, 30, 6, 8, 8, 29, 19, 3, 1, 30, 14, 14, 18, 12, 9, 9, 26, 22, 21, 24, 17, 16, 11, 6, 3, 30, 30, 23, 23, 23, 17, 16, 16, 7, 6, 27, 1, 23, 17, 23, 23, 21, 6, 14, 17, 9, 28, 23, 22, 14, 9, 3, 30, 28, 18, 15, 10, 8, 7, 29, 28, 28, 24, 25, 21, 18, 7, 5, 7, 29, 1, 29, 28, 26, 27, 25, 22, 30, 30, 28, 30, 17, 16, 5, 4, 4, 3, 3, 1]
 tot_waiting_time========1812