[0, 1]
[0, 2, 3]
[0, 6, 5, 4]
[0, 7]
[0, 8]
[0, 9]
[0, 10]
[0, 13]
[0, 12, 11]
[0, 14]
[0, 16]
[0, 17, 15]
[0, 18]
[0, 19]
[0, 21, 20]
[0, 23]
[0, 22, 24]
[0, 26, 25]
[0, 28, 27, 29]
[0, 32]
[0, 37, 30, 31]
[0, 36, 33, 34]
[0, 35]
[0, 38]
[0, 41, 40]
[0, 39, 42]
[0, 45]
[0, 46, 47]
[0, 43, 44]
[0, 48, 54]
[0, 50, 51]
[0, 49]
[0, 56, 56]
[0, 56, 55]
[0, 59, 60, 58]
[0, 57]
[0, 61]
[0, 63]
[0, 62]
[0, 66]
[0, 67, 68]
[0, 64, 65]
[0, 72]
[0, 70, 71]
[0, 73]
[0, 69]
[0, 74, 81, 76, 77]
[0, 75, 79]
[0, 84]
[0, 83, 80, 78, 82]
[0, 85, 89, 86]
[0, 87, 88]
