[0, 2]
[0, 5, 4, 3]
[0, 6]
[0, 8]
[0, 7]
[0, 9]
[0, 11]
[0, 12, 10]
[0, 14]
[0, 13]
[0, 15]
[0, 19]
[0, 17, 16]
[0, 20]
[0, 18]
[0, 21]
[0, 22]
[0, 25]
[0, 24, 23]
[0, 26]
[0, 27]
[0, 28]
[0, 29]
[0, 30]
[0, 32]
[0, 31]
[0, 33]
[0, 35]
[0, 36, 37, 34]
[0, 39]
[0, 41]
[0, 40, 43, 42, 38]
[0, 44]
[0, 49]
[0, 51, 46, 47, 48]
[0, 50, 45]
[0, 52, 54]
[0, 53, 55]
[0, 58, 62, 58]
[0, 57, 56]
[0, 60]
[0, 64, 59]
[0, 63]
[0, 68, 67]
[0, 71]
[0, 65, 70, 66]
[0, 69]
[0, 75, 75]
[0, 72, 73]
[0, 78]
[0, 76, 80, 77, 79]
[0, 81]
[0, 84]
[0, 82, 85, 83]
[0, 87, 89]
[0, 88, 90, 86]
