[0, 1]
[0, 3]
[0, 2, 4]
[0, 5]
[0, 7, 6]
[0, 9]
[0, 10]
[0, 8, 11]
[0, 13, 14, 12]
[0, 15]
[0, 16]
[0, 18, 18]
[0, 19]
[0, 21, 20]
[0, 22, 23]
[0, 25]
[0, 26, 24]
[0, 30]
[0, 29, 28]
[0, 27]
[0, 33, 34, 31, 32]
[0, 36, 35]
[0, 37]
[0, 41, 38, 40]
[0, 39]
[0, 44]
[0, 42]
[0, 43]
[0, 45]
[0, 49, 48, 46]
[0, 50, 47]
[0, 52]
[0, 54]
[0, 51, 55, 53]
[0, 57, 56, 58]
[0, 62, 59, 60]
[0, 65, 61, 64]
[0, 63]
[0, 66]
[0, 67]
[0, 71]
[0, 70]
[0, 69, 68]
[0, 74, 75]
[0, 77, 73, 72]
[0, 76]
[0, 81, 78]
[0, 80, 79]
[0, 82]
[0, 83, 84]
[0, 86]
[0, 85, 90]
[0, 88, 87, 89]
[0, 93, 91]
[0, 94]
[0, 92, 96]
[0, 97, 98]
[0, 101, 102]
[0, 95, 99, 100]
[0, 103, 107]
[0, 108, 106]
[0, 105, 104]
[0, 114, 109, 111]
[0, 112, 110]
[0, 113]
