[0, 1]
[0, 2]
[0, 3, 4]
[0, 5, 6]
[0, 7]
[0, 8]
[0, 9]
[0, 10]
[0, 11]
[0, 12]
[0, 13]
[0, 14]
[0, 15]
[0, 17, 18]
[0, 16]
[0, 20, 21, 19]
[0, 22, 23]
[0, 26]
[0, 27, 24]
[0, 25]
[0, 31]
[0, 33]
[0, 28]
[0, 30, 32, 34]
[0, 29, 35]
[0, 37, 36, 38, 39]
[0, 44]
[0, 43, 40]
[0, 41, 42]
[0, 46]
[0, 47, 45]
[0, 51, 52]
[0, 53, 49]
[0, 48, 50, 55]
[0, 58, 59, 54, 61]
[0, 60, 57, 56]
[0, 67]
[0, 62, 64, 69]
[0, 66, 63, 65]
[0, 73, 71, 68]
[0, 72]
[0, 75, 70]
[0, 74, 76]
[0, 80]
[0, 84, 81, 77]
[0, 78, 82, 79, 83]
[0, 85]
[0, 87, 86]
[0, 90, 91]
[0, 88, 89]
