[0, 1]
[0, 2]
[0, 3]
[0, 4]
[0, 5, 6]
[0, 7]
[0, 8]
[0, 9]
[0, 10]
[0, 11]
[0, 13, 12]
[0, 14]
[0, 15]
[0, 16]
[0, 17, 18]
[0, 20, 21, 19]
[0, 22, 23]
[0, 26]
[0, 27, 24]
[0, 25]
[0, 28]
[0, 32]
[0, 30, 31]
[0, 29, 35, 33]
[0, 34]
[0, 36, 38, 39]
[0, 37]
[0, 41]
[0, 44, 42]
[0, 43, 40]
[0, 47, 46]
[0, 45]
[0, 51, 48, 55, 50]
[0, 53, 49]
[0, 52]
[0, 58, 59, 54, 61]
[0, 60, 57, 56]
[0, 66, 63, 65]
[0, 67, 62, 69, 64]
[0, 75, 70, 71]
[0, 68]
[0, 72]
[0, 73, 74, 76]
[0, 78, 82, 79, 83]
[0, 84, 81, 77]
[0, 80]
[0, 85]
[0, 87, 86]
[0, 90, 91]
[0, 88, 89]
